10	9
20	19
30	29
40	39
50	49
60	59
70	69
80	79
90	89
100	99
110	109
120	119
130	129
140	139
150	149
160	159
170	169
180	179
190	189
200	199
210	209
220	219
230	229
240	239
250	249
260	259
270	269
280	279
290	289
300	299
310	309
320	319
330	329
340	339
350	349
360	359
370	369
380	379
390	389
400	399
410	409
420	419
430	429
440	439
450	449
460	459
470	469
480	479
490	489
500	499
510	509
520	519
530	529
540	539
550	549
560	559
570	569
580	579
590	589
600	599
610	609
620	619
630	629
640	639
650	649
660	659
670	669
680	679
690	689
700	699
710	709
720	719
730	729
740	739
750	749
760	759
770	769
780	779
790	789
800	799
810	809
820	819
830	829
840	839
850	849
860	859
870	869
880	879
890	889
900	899
910	909
920	919
930	929
940	939
950	949
960	959
970	969
980	979
990	989
1000	999
1010	1009
1020	1019
1030	1029
1040	1039
1050	1049
1060	1059
1070	1069
1080	1079
1090	1089
1100	1099
1110	1109
1120	1119
1130	1129
1140	1139
1150	1149
1160	1159
1170	1169
1180	1179
1190	1189
1200	1199
1210	1209
1220	1219
1230	1229
1240	1239
1250	1249
1260	1259
1270	1269
1280	1279
1290	1289
1300	1299
1310	1309
1320	1319
1330	1329
1340	1339
1350	1349
1360	1359
1370	1369
1380	1379
1390	1389
1400	1399
1410	1409
1420	1419
1430	1429
1440	1439
1450	1449
1460	1459
1470	1469
1480	1479
1490	1489
1500	1499
1510	1509
1520	1519
1530	1529
1540	1539
1550	1549
1560	1559
1570	1569
1580	1579
1590	1589
1600	1599
1610	1609
1620	1619
1630	1629
1640	1639
1650	1649
1660	1659
1670	1669
1680	1679
1690	1689
1700	1699
1710	1709
1720	1719
1730	1729
1740	1739
1750	1749
1760	1759
1770	1769
1780	1779
1790	1789
1800	1799
1810	1809
1820	1819
1830	1829
1840	1839
1850	1849
1860	1859
1870	1869
1880	1879
1890	1889
1900	1899
1910	1909
1920	1919
1930	1929
1940	1939
1950	1949
1960	1959
1970	1969
1980	1979
1990	1989
2000	1999
2010	2009
2020	2019
2030	2029
2040	2039
2050	2049
2060	2059
2070	2069
2080	2079
2090	2089
2100	2099
2110	2109
2120	2119
2130	2129
2140	2139
2150	2149
2160	2159
2170	2169
2180	2179
2190	2189
2200	2199
2210	2209
2220	2219
2230	2229
2240	2239
2250	2249
2260	2259
2270	2269
2280	2279
2290	2289
2300	2299
2310	2309
2320	2319
2330	2329
2340	2339
2350	2349
2360	2359
2370	2369
2380	2379
2390	2389
2400	2399
2410	2409
2420	2419
2430	2429
2440	2439
2450	2449
2460	2459
2470	2469
2480	2479
2490	2489
2500	2499
2510	2509
2520	2519
2530	2529
2540	2539
2550	2549
2560	2559
2570	2569
2580	2579
2590	2589
2600	2599
2610	2609
2620	2619
2630	2629
2640	2639
2650	2649
2660	2659
2670	2669
2680	2679
2690	2689
2700	2699
2710	2709
2720	2719
2730	2729
2740	2739
2750	2749
2760	2759
2770	2769
2780	2779
2790	2789
2800	2799
2810	2809
2820	2819
2830	2829
2840	2839
2850	2849
2860	2859
2870	2869
2880	2879
2890	2889
2900	2899
2910	2909
2920	2919
2930	2929
2940	2939
2950	2949
2960	2959
2970	2969
2980	2979
2990	2989
3000	2999
3010	3009
3020	3019
3030	3029
3040	3039
3050	3049
3060	3059
3070	3069
3080	3079
3090	3089
3100	3099
3110	3109
3120	3119
3130	3129
3140	3139
3150	3149
3160	3159
3170	3169
3180	3179
3190	3189
3200	3199
3210	3209
3220	3219
3230	3229
3240	3239
3250	3249
3260	3259
3270	3269
3280	3279
3290	3289
3300	3299
3310	3309
3320	3319
3330	3329
3340	3339
3350	3349
3360	3359
3370	3369
3380	3379
3390	3389
3400	3399
3410	3409
3420	3419
3430	3429
3440	3439
3450	3449
3460	3459
3470	3469
3480	3479
3490	3489
3500	3499
3510	3509
3520	3519
3530	3529
3540	3539
3550	3549
3560	3559
3570	3569
3580	3579
3590	3589
3600	3599
3610	3609
3620	3619
3630	3629
3640	3639
3650	3649
3660	3659
3670	3669
3680	3679
3690	3689
3700	3699
3710	3709
3720	3719
3730	3729
3740	3739
3750	3749
3760	3759
3770	3769
3780	3779
3790	3789
3800	3799
3810	3809
3820	3819
3830	3829
3840	3839
3850	3849
3860	3859
3870	3869
3880	3879
3890	3889
3900	3899
3910	3909
3920	3919
3930	3929
3940	3939
3950	3949
3960	3959
3970	3969
3980	3979
3990	3989
4000	3999
4010	4009
4020	4019
4030	4029
4040	4039
4050	4049
4060	4059
4070	4069
4080	4079
4090	4089
4100	4099
4110	4109
4120	4119
4130	4129
4140	4139
4150	4149
4160	4159
4170	4169
4180	4179
4190	4189
4200	4199
4210	4209
4220	4219
4230	4229
4240	4239
4250	4249
4260	4259
4270	4269
4280	4279
4290	4289
4300	4299
4310	4309
4320	4319
4330	4329
4340	4339
4350	4349
4360	4359
4370	4369
4380	4379
4390	4389
4400	4399
4410	4409
4420	4419
4430	4429
4440	4439
4450	4449
4460	4459
4470	4469
4480	4479
4490	4489
4500	4499
4510	4509
4520	4519
4530	4529
4540	4539
4550	4549
4560	4559
4570	4569
4580	4579
4590	4589
4600	4599
4610	4609
4620	4619
4630	4629
4640	4639
4650	4649
4660	4659
4670	4669
4680	4679
4690	4689
4700	4699
4710	4709
4720	4719
4730	4729
4740	4739
4750	4749
4760	4759
4770	4769
4780	4779
4790	4789
4800	4799
4810	4809
4820	4819
4830	4829
4840	4839
4850	4849
4860	4859
4870	4869
4880	4879
4890	4889
4900	4899
4910	4909
4920	4919
4930	4929
4940	4939
4950	4949
4960	4959
4970	4969
4980	4979
4990	4989
5000	4999
5010	5009
5020	5019
5030	5029
5040	5039
5050	5049
5060	5059
5070	5069
5080	5079
5090	5089
5100	5099
5110	5109
5120	5119
5130	5129
5140	5139
5150	5149
5160	5159
5170	5169
5180	5179
5190	5189
5200	5199
5210	5209
5220	5219
5230	5229
5240	5239
5250	5249
5260	5259
5270	5269
5280	5279
5290	5289
5300	5299
5310	5309
5320	5319
5330	5329
5340	5339
5350	5349
5360	5359
5370	5369
5380	5379
5390	5389
5400	5399
5410	5409
5420	5419
5430	5429
5440	5439
5450	5449
5460	5459
5470	5469
5480	5479
5490	5489
5500	5499
5510	5509
5520	5519
5530	5529
5540	5539
5550	5549
5560	5559
5570	5569
5580	5579
5590	5589
5600	5599
5610	5609
5620	5619
5630	5629
5640	5639
5650	5649
5660	5659
5670	5669
5680	5679
5690	5689
5700	5699
5710	5709
5720	5719
5730	5729
5740	5739
5750	5749
5760	5759
5770	5769
5780	5779
5790	5789
5800	5799
5810	5809
5820	5819
5830	5829
5840	5839
5850	5849
5860	5859
5870	5869
5880	5879
5890	5889
5900	5899
5910	5909
5920	5919
5930	5929
5940	5939
5950	5949
5960	5959
5970	5969
5980	5979
5990	5989
6000	5999
6010	6009
6020	6019
6030	6029
6040	6039
6050	6049
6060	6059
6070	6069
6080	6079
6090	6089
6100	6099
6110	6109
6120	6119
6130	6129
6140	6139
6150	6149
6160	6159
6170	6169
6180	6179
6190	6189
6200	6199
6210	6209
6220	6219
6230	6229
6240	6239
6250	6249
6260	6259
6270	6269
6280	6279
6290	6289
6300	6299
6310	6309
6320	6319
6330	6329
6340	6339
6350	6349
6360	6359
6370	6369
6380	6379
6390	6389
6400	6399
6410	6409
6420	6419
6430	6429
6440	6439
6450	6449
6460	6459
6470	6469
6480	6479
6490	6489
6500	6499
6510	6509
6520	6519
6530	6529
6540	6539
6550	6549
6560	6559
6570	6569
6580	6579
6590	6589
6600	6599
6610	6609
6620	6619
6630	6629
6640	6639
6650	6649
6660	6659
6670	6669
6680	6679
6690	6689
6700	6699
6710	6709
6720	6719
6730	6729
6740	6739
6750	6749
6760	6759
6770	6769
6780	6779
6790	6789
6800	6799
6810	6809
6820	6819
6830	6829
6840	6839
6850	6849
6860	6859
6870	6869
6880	6879
6890	6889
6900	6899
6910	6909
6920	6919
6930	6929
6940	6939
6950	6949
6960	6959
6970	6969
6980	6979
6990	6989
7000	6999
7010	7009
7020	7019
7030	7029
7040	7039
7050	7049
7060	7059
7070	7069
7080	7079
7090	7089
7100	7099
7110	7109
7120	7119
7130	7129
7140	7139
7150	7149
7160	7159
7170	7169
7180	7179
7190	7189
7200	7199
7210	7209
7220	7219
7230	7229
7240	7239
7250	7249
7260	7259
7270	7269
7280	7279
7290	7289
7300	7299
7310	7309
7320	7319
7330	7329
7340	7339
7350	7349
7360	7359
7370	7369
7380	7379
7390	7389
7400	7399
7410	7409
7420	7419
7430	7429
7440	7439
7450	7449
7460	7459
7470	7469
7480	7479
7490	7489
7500	7499
7510	7509
7520	7519
7530	7529
7540	7539
7550	7549
7560	7559
7570	7569
7580	7579
7590	7589
7600	7599
7610	7609
7620	7619
7630	7629
7640	7639
7650	7649
7660	7659
7670	7669
7680	7679
7690	7689
7700	7699
7710	7709
7720	7719
7730	7729
7740	7739
7750	7749
7760	7759
7770	7769
7780	7779
7790	7789
7800	7799
7810	7809
7820	7819
7830	7829
7840	7839
7850	7849
7860	7859
7870	7869
7880	7879
7890	7889
7900	7899
7910	7909
7920	7919
7930	7929
7940	7939
7950	7949
7960	7959
7970	7969
7980	7979
7990	7989
8000	7999
8010	8009
8020	8019
8030	8029
8040	8039
8050	8049
8060	8059
8070	8069
8080	8079
8090	8089
8100	8099
8110	8109
8120	8119
8130	8129
8140	8139
8150	8149
8160	8159
8170	8169
8180	8179
8190	8189
8200	8199
8210	8209
8220	8219
8230	8229
8240	8239
8250	8249
8260	8259
8270	8269
8280	8279
8290	8289
8300	8299
8310	8309
8320	8319
8330	8329
8340	8339
8350	8349
8360	8359
8370	8369
8380	8379
8390	8389
8400	8399
8410	8409
8420	8419
8430	8429
8440	8439
8450	8449
8460	8459
8470	8469
8480	8479
8490	8489
8500	8499
8510	8509
8520	8519
8530	8529
8540	8539
8550	8549
8560	8559
8570	8569
8580	8579
8590	8589
8600	8599
8610	8609
8620	8619
8630	8629
8640	8639
8650	8649
8660	8659
8670	8669
8680	8679
8690	8689
8700	8699
8710	8709
8720	8719
8730	8729
8740	8739
8750	8749
8760	8759
8770	8769
8780	8779
8790	8789
8800	8799
8810	8809
8820	8819
8830	8829
8840	8839
8850	8849
8860	8859
8870	8869
8880	8879
8890	8889
8900	8899
8910	8909
8920	8919
8930	8929
8940	8939
8950	8949
8960	8959
8970	8969
8980	8979
8990	8989
9000	8999
9010	9009
9020	9019
9030	9029
9040	9039
9050	9049
9060	9059
9070	9069
9080	9079
9090	9089
9100	9099
9110	9109
9120	9119
9130	9129
9140	9139
9150	9149
9160	9159
9170	9169
9180	9179
9190	9189
9200	9199
9210	9209
9220	9219
9230	9229
9240	9239
9250	9249
9260	9259
9270	9269
9280	9279
9290	9289
9300	9299
9310	9309
9320	9319
9330	9329
9340	9339
9350	9349
9360	9359
9370	9369
9380	9379
9390	9389
9400	9399
9410	9409
9420	9419
9430	9429
9440	9439
9450	9449
9460	9459
9470	9469
9480	9479
9490	9489
9500	9499
9510	9509
9520	9519
9530	9529
9540	9539
9550	9549
9560	9559
9570	9569
9580	9579
9590	9589
9600	9599
9610	9609
9620	9619
9630	9629
9640	9639
9650	9649
9660	9659
9670	9669
9680	9679
9690	9689
9700	9699
9710	9709
9720	9719
9730	9729
9740	9739
9750	9749
9760	9759
9770	9769
9780	9779
9790	9789
9800	9799
9810	9809
9820	9819
9830	9829
9840	9839
9850	9849
9860	9859
9870	9869
9880	9879
9890	9889
9900	9899
9910	9909
9920	9919
9930	9929
9940	9939
9950	9949
9960	9959
9970	9969
9980	9979
9990	9989
10000	9999
